[array([[ 2.41313986, -0.91672316,  0.76764011],
       [-3.85304826, -1.40256395,  1.73373874],
       [ 1.05791149,  2.77532251, -1.57630902],
       [-1.21853258,  1.20852223,  0.61454674],
       [ 4.71884562, -1.13215653, -1.3128734 ],
       [-1.48730944, -3.64631351,  0.32051947],
       [-2.86604137,  2.55527648,  0.52784822],
       [-3.02905424, -2.0811961 , -2.07289588],
       [ 1.53618304,  0.96800886, -1.45471764]]), array([[ 0.01073687,  1.05573203,  2.22590026, -4.94784342,  2.0390134 ,
        -2.68668913,  0.69218759,  2.78791493, -4.17751767]])][array([[ 2.41313986, -0.91672316,  0.86620205],
       [-4.3869685 , -1.14825556,  1.58068405],
       [ 1.30580504,  2.77532251, -1.83358844],
       [-1.21853258,  1.20852223,  0.61454674],
       [ 4.71884562, -1.11019279, -1.3128734 ],
       [-2.24930109, -3.64631351,  0.67576108],
       [-2.66089694,  2.55527648,  0.52784822],
       [-2.21523325, -1.70053437, -2.17201698],
       [ 1.53618304,  0.96800886, -1.45471764]]), array([[ 0.01073687,  1.05573203,  2.22590026, -4.94784342,  2.0390134 ,
        -2.68839805,  0.88629772,  2.39430822, -3.85971048]])][array([[ 2.41313986, -0.91672316,  0.76764011],
       [-3.89369919, -0.79784058,  1.58068405],
       [ 1.30580504,  2.77532251, -1.83358844],
       [-1.21853258,  1.20852223,  0.61454674],
       [ 4.71884562, -1.13215653, -1.02170511],
       [-1.84127426, -3.64631351,  0.02564169],
       [-2.66089694,  2.55527648,  0.52784822],
       [-2.97212133, -2.0811961 , -2.17201698],
       [ 1.37245876,  1.30111899, -1.45471764]]), array([[ 0.01073687,  1.05573203,  2.22590026, -4.94784342,  2.0390134 ,
        -2.68668913,  1.08814071,  2.39430822, -3.85971048]])][array([[ 2.41313986, -1.29176589,  0.76764011],
       [-4.14874922, -1.14825556,  1.58068405],
       [ 1.30580504,  2.77532251, -1.83358844],
       [-1.21853258,  1.20852223,  0.61454674],
       [ 4.71884562, -1.13215653, -1.3128734 ],
       [-1.84127426, -3.39194573,  0.74460431],
       [-2.86604137,  2.55527648,  0.80375979],
       [-2.19699249, -2.0811961 , -2.17201698],
       [ 1.53618304,  0.96800886, -1.45471764]]), array([[ 0.01073687,  1.05573203,  2.22590026, -4.94784342,  2.0390134 ,
        -2.68668913,  0.69218759,  2.39430822, -4.17751767]])][array([[ 2.41313986, -1.29176589,  0.76764011],
       [-4.14874922, -1.14825556,  1.58068405],
       [ 1.30580504,  2.77532251, -1.83358844],
       [-1.21853258,  1.30837997,  0.61454674],
       [ 4.71884562, -1.13215653, -1.03099638],
       [-1.84127426, -3.64631351,  0.39045923],
       [-2.86604137,  2.44571457,  0.80375979],
       [-2.19699249, -1.70053437, -3.22988854],
       [ 1.53618304,  0.96800886, -1.45471764]]), array([[ 0.01073687,  1.4916221 ,  2.22590026, -4.94784342,  2.0390134 ,
        -2.19027075,  0.69218759,  2.78791493, -4.17751767]])][array([[ 2.41313986, -0.91672316,  0.83512863],
       [-4.14874922, -1.14825556,  1.58068405],
       [ 1.30580504,  2.77532251, -1.83358844],
       [-1.21853258,  1.20852223,  0.61454674],
       [ 5.1558373 , -1.11019279, -1.3128734 ],
       [-1.84127426, -3.39194573,  0.18484411],
       [-2.86604137,  2.55527648,  0.52784822],
       [-2.21523325, -1.37419885, -2.63987581],
       [ 1.73443984,  0.96800886, -1.45471764]]), array([[ 0.01073687,  1.05573203,  2.67734249, -4.94784342,  2.0390134 ,
        -2.68668913,  0.88629772,  2.39430822, -4.66112468]])][array([[ 2.41313986, -1.70951453,  0.76764011],
       [-3.89369919, -1.14825556,  1.58068405],
       [ 1.30580504,  2.69851453, -1.83358844],
       [-1.21853258,  1.20852223,  0.61454674],
       [ 4.71884562, -0.74247969, -1.29651411],
       [-1.84127426, -3.64631351,  0.02564169],
       [-2.36942413,  2.55527648,  0.52784822],
       [-2.21523325, -1.70053437, -2.17201698],
       [ 1.53618304,  0.96800886, -1.45471764]]), array([[ 0.01073687,  1.05573203,  2.37179393, -4.94784342,  2.0390134 ,
        -2.30121257,  0.69218759,  2.39430822, -4.17751767]])][array([[ 2.41313986, -1.29176589,  0.76764011],
       [-4.14874922, -1.14825556,  1.73373874],
       [ 1.05791149,  2.69805117, -1.57630902],
       [-1.21853258,  1.20852223,  0.61454674],
       [ 4.71884562, -1.13215653, -1.3128734 ],
       [-1.84127426, -3.64631351,  0.02564169],
       [-2.86604137,  2.55527648,  0.52784822],
       [-3.02905424, -2.05534051, -2.17201698],
       [ 1.89085498,  0.53900006, -1.45471764]]), array([[ 0.01073687,  1.05573203,  2.22590026, -4.94784342,  2.0390134 ,
        -2.30121257,  0.69218759,  2.78791493, -3.85971048]])][array([[ 2.48809072, -1.29176589,  0.86620205],
       [-3.89369919, -1.14825556,  1.58068405],
       [ 1.30580504,  2.77532251, -1.83358844],
       [-1.21853258,  1.20852223,  0.61454674],
       [ 4.71884562, -0.74247969, -1.3128734 ],
       [-1.84127426, -3.16658988,  0.02564169],
       [-2.81709702,  2.55527648,  0.52784822],
       [-2.21523325, -2.05534051, -2.17201698],
       [ 1.73443984,  0.96800886, -1.45471764]]), array([[ 0.01073687,  1.05573203,  2.22590026, -4.94784342,  2.0390134 ,
        -2.21247238,  0.69218759,  2.39430822, -4.17751767]])][array([[ 2.41313986, -1.29176589,  0.76764011],
       [-4.14874922, -1.33049432,  1.45319227],
       [ 1.30580504,  2.77532251, -1.83358844],
       [-1.21853258,  1.20852223,  0.73923891],
       [ 4.71884562, -1.13215653, -1.3128734 ],
       [-1.84127426, -3.64631351,  0.02564169],
       [-2.86604137,  2.55527648,  0.52491012],
       [-2.19699249, -2.0811961 , -3.22988854],
       [ 1.53618304,  0.96800886, -1.87403928]]), array([[ 0.01073687,  1.4916221 ,  2.22590026, -4.94784342,  2.0390134 ,
        -2.68668913,  0.69218759,  2.78791493, -4.17751767]])][array([[ 2.41313986, -1.40655626,  0.76764011],
       [-4.14874922, -1.14825556,  1.73373874],
       [ 0.90994951,  2.69805117, -1.83358844],
       [-1.21853258,  1.20852223,  0.61454674],
       [ 4.71884562, -1.13215653, -1.3128734 ],
       [-1.84127426, -3.64631351,  0.02564169],
       [-2.86604137,  2.55527648,  0.52784822],
       [-3.02905424, -2.05534051, -1.95748484],
       [ 1.89085498,  0.53900006, -1.45471764]]), array([[ 0.01073687,  1.05573203,  2.22590026, -4.94784342,  2.0390134 ,
        -2.30121257,  0.69218759,  2.14698167, -3.85971048]])][array([[ 2.41313986, -1.89627385,  0.76764011],
       [-3.89369919, -1.14825556,  1.4311639 ],
       [ 1.30580504,  2.77532251, -1.51834147],
       [-1.21853258,  1.20852223,  0.61454674],
       [ 4.71884562, -1.13215653, -1.3128734 ],
       [-1.84127426, -3.64631351,  0.02564169],
       [-2.66089694,  2.55527648,  0.52784822],
       [-2.97212133, -2.0811961 , -2.82354783],
       [ 1.37245876,  0.96800886, -1.45471764]]), array([[ 0.01073687,  1.03444423,  2.22590026, -4.94784342,  2.0390134 ,
        -2.68668913,  0.69218759,  2.39430822, -4.17751767]])][array([[ 2.41313986, -0.91672316,  0.76764011],
       [-3.89369919, -1.14825556,  1.58068405],
       [ 1.30580504,  2.77532251, -1.51834147],
       [-1.21853258,  1.20852223,  0.61454674],
       [ 4.71884562, -1.11019279, -1.3128734 ],
       [-1.84127426, -3.64631351,  0.67576108],
       [-2.66089694,  2.55527648,  0.52784822],
       [-2.21523325, -2.0811961 , -2.43694087],
       [ 1.53618304,  0.96800886, -1.45471764]]), array([[ 0.01073687,  1.03444423,  2.43826758, -4.94784342,  2.0390134 ,
        -2.68668913,  0.69218759,  2.39430822, -3.85971048]])][array([[ 2.41313986, -1.29176589,  0.76764011],
       [-3.89369919, -1.14825556,  1.58068405],
       [ 0.76513875,  2.77532251, -1.83358844],
       [-1.21853258,  1.20852223,  0.61454674],
       [ 4.71884562, -0.74247969, -1.29651411],
       [-1.84127426, -3.16658988,  0.02564169],
       [-2.81709702,  2.55527648,  0.52784822],
       [-2.60282691, -2.05534051, -2.17201698],
       [ 1.53618304,  0.96800886, -1.45471764]]), array([[ 0.01073687,  1.05573203,  2.22590026, -4.94784342,  2.0390134 ,
        -2.30121257,  0.69218759,  2.39430822, -4.17751767]])][array([[ 2.41313986, -1.29176589,  0.76764011],
       [-3.89369919, -1.14825556,  1.58068405],
       [ 0.76513875,  2.77532251, -1.83358844],
       [-1.21853258,  1.30837997,  0.61454674],
       [ 4.71884562, -1.13215653, -1.03099638],
       [-1.84127426, -3.16658988,  0.39045923],
       [-2.7052873 ,  2.44571457,  0.43410018],
       [-2.19699249, -1.70053437, -3.22988854],
       [ 1.53618304,  0.96800886, -1.45471764]]), array([[ 0.01073687,  1.4916221 ,  2.22590026, -4.94784342,  2.0390134 ,
        -2.30121257,  0.69218759,  2.78791493, -4.17751767]])][array([[ 2.41313986, -1.29176589,  0.76764011],
       [-4.05750993, -1.14825556,  1.58068405],
       [ 0.76513875,  2.77532251, -1.83358844],
       [-1.21853258,  1.20852223,  0.61454674],
       [ 4.71884562, -1.13215653, -1.29651411],
       [-1.84127426, -3.64045222,  0.32051947],
       [-2.86604137,  2.63207933,  0.52784822],
       [-3.02905424, -2.05534051, -2.17201698],
       [ 1.53618304,  0.96800886, -1.45471764]]), array([[ 0.01073687,  1.05573203,  2.22590026, -4.94784342,  2.0390134 ,
        -2.29187499,  0.69218759,  2.39430822, -4.17751767]])][array([[ 2.41313986, -1.29176589,  0.76764011],
       [-4.14874922, -1.14825556,  1.58068405],
       [ 1.12327577,  2.69805117, -1.83358844],
       [-1.21853258,  0.94151179,  0.61454674],
       [ 4.71884562, -1.13215653, -1.03099638],
       [-1.84127426, -3.64631351,  0.39045923],
       [-2.61888261,  2.55527648,  0.52784822],
       [-3.02905424, -1.70053437, -1.95748484],
       [ 1.53618304,  0.96800886, -1.45471764]]), array([[ 0.01073687,  1.05573203,  2.22590026, -4.94784342,  2.20600429,
        -2.19027075,  0.69218759,  2.78791493, -4.17751767]])][array([[ 2.41313986, -0.91672316,  0.86620205],
       [-4.14874922, -1.14825556,  1.70421919],
       [ 1.12327577,  2.77532251, -1.83358844],
       [-1.21853258,  1.20852223,  0.61454674],
       [ 5.1558373 , -1.11019279, -1.3128734 ],
       [-1.45495044, -3.64631351,  0.02564169],
       [-2.61888261,  2.55527648,  0.52784822],
       [-3.02905424, -1.70053437, -1.95748484],
       [ 1.08917489,  0.96800886, -1.45471764]]), array([[ 0.01073687,  1.05573203,  2.47484575, -4.94784342,  2.0390134 ,
        -2.68668913,  0.69218759,  2.14698167, -4.17751767]])][array([[ 2.41313986, -1.29176589,  0.86620205],
       [-4.3869685 , -1.14825556,  1.58068405],
       [ 1.05791149,  2.69805117, -1.83358844],
       [-1.21853258,  1.20852223,  0.61454674],
       [ 4.71884562, -1.13215653, -1.3128734 ],
       [-1.84127426, -3.42895615,  0.67576108],
       [-2.66089694,  2.15466775,  0.52784822],
       [-3.02905424, -1.70053437, -2.17201698],
       [ 1.73443984,  0.53900006, -1.45471764]]), array([[ 0.01073687,  1.05573203,  2.22590026, -4.94784342,  2.0390134 ,
        -2.30121257,  0.88629772,  2.39430822, -4.17751767]])][array([[ 2.41313986, -1.29176589,  0.76764011],
       [-4.14874922, -1.14825556,  1.81508746],
       [ 1.30580504,  2.69805117, -1.57630902],
       [-1.21853258,  1.20852223,  0.69308214],
       [ 4.71884562, -1.13215653, -1.3128734 ],
       [-1.84127426, -4.02868682,  0.02564169],
       [-2.86604137,  2.44571457,  0.52784822],
       [-3.17309044, -1.78314923, -2.40387107],
       [ 1.53618304,  0.41636155, -1.45471764]]), array([[ 0.01073687,  1.05573203,  2.22590026, -4.94784342,  2.0390134 ,
        -2.30121257,  0.69218759,  2.78791493, -3.85971048]])][array([[ 2.41313986, -0.91672316,  0.76764011],
       [-3.98642097, -1.14825556,  1.4311639 ],
       [ 1.30580504,  2.77532251, -1.83358844],
       [-1.21853258,  1.20852223,  0.61454674],
       [ 5.1558373 , -1.11019279, -1.3128734 ],
       [-1.71430128, -3.70710051,  0.02564169],
       [-2.66089694,  2.55527648,  0.52784822],
       [-2.21523325, -1.70053437, -2.17201698],
       [ 1.37245876,  0.96800886, -1.85011575]]), array([[ 0.01073687,  1.05573203,  2.22590026, -4.94784342,  2.0390134 ,
        -2.68668913,  1.04831714,  2.39430822, -4.17751767]])][array([[ 2.41313986, -0.91672316,  0.76764011],
       [-3.89369919, -1.14825556,  1.58068405],
       [ 1.30580504,  2.61984893, -1.83358844],
       [-1.21853258,  1.59711312,  0.61454674],
       [ 4.71884562, -1.13215653, -1.38731246],
       [-2.24803959, -3.64631351,  0.02564169],
       [-2.66089694,  2.55527648,  0.52784822],
       [-2.97212133, -2.0811961 , -2.03490331],
       [ 1.68872605,  0.96800886, -1.45471764]]), array([[-0.30629835,  0.69679082,  2.22590026, -4.94784342,  2.0390134 ,
        -2.68668913,  1.08814071,  2.39430822, -3.85971048]])][array([[ 2.41313986, -0.91672316,  0.86620205],
       [-4.3869685 , -1.14825556,  1.58068405],
       [ 1.30580504,  2.77532251, -1.83358844],
       [-1.21853258,  1.20852223,  0.61454674],
       [ 4.71884562, -1.13215653, -1.03099638],
       [-1.77618802, -3.64631351,  0.39045923],
       [-2.66089694,  2.55527648,  0.52784822],
       [-2.21523325, -1.96539559, -2.17201698],
       [ 1.73443984,  0.96800886, -1.45471764]]), array([[-0.02420778,  0.99289274,  2.22590026, -4.94784342,  2.0390134 ,
        -2.19027075,  0.69218759,  2.78791493, -4.17751767]])][array([[ 2.41313986, -0.91672316,  0.76764011],
       [-4.56435851, -1.14825556,  1.58068405],
       [ 1.30580504,  2.77532251, -1.83358844],
       [-1.21853258,  1.20852223,  0.61454674],
       [ 4.71884562, -1.13215653, -1.3128734 ],
       [-1.84127426, -3.20065885,  0.32051947],
       [-2.66089694,  2.55527648,  0.52784822],
       [-3.02905424, -2.0811961 , -2.82354783],
       [ 1.37245876,  0.96800886, -1.45471764]]), array([[ 0.01073687,  1.05573203,  2.22590026, -4.94784342,  1.97410202,
        -2.68668913,  0.69218759,  2.52911206, -4.17751767]])][array([[ 2.41313986, -1.29176589,  0.76764011],
       [-4.14874922, -1.14825556,  1.58068405],
       [ 1.6426072 ,  2.77532251, -1.57630902],
       [-1.21853258,  1.20852223,  0.61454674],
       [ 4.71884562, -1.13215653, -1.25500554],
       [-2.24803959, -3.64631351,  0.02564169],
       [-2.66089694,  2.55527648,  0.52784822],
       [-2.97212133, -2.0811961 , -2.17201698],
       [ 1.89085498,  0.53900006, -1.45471764]]), array([[ 0.01073687,  1.03444423,  2.12309779, -4.94784342,  1.93562288,
        -2.68668913,  0.69218759,  2.39430822, -3.85971048]])][array([[ 2.59253378, -1.29176589,  0.76764011],
       [-4.23393067, -0.79784058,  1.58068405],
       [ 1.40888527,  2.77532251, -1.83358844],
       [-1.21853258,  1.20852223,  0.61454674],
       [ 4.57277831, -1.13215653, -1.03099638],
       [-2.24803959, -3.64631351,  0.02564169],
       [-2.66089694,  2.55527648,  0.65412706],
       [-2.97212133, -2.0811961 , -3.22988854],
       [ 1.37245876,  0.96800886, -1.45471764]]), array([[ 0.01073687,  1.03444423,  2.22590026, -5.32905916,  2.0390134 ,
        -2.68668913,  0.69218759,  2.78791493, -4.17751767]])][array([[ 2.41313986, -1.29176589,  0.76764011],
       [-4.14874922, -1.14825556,  1.15681835],
       [ 1.05791149,  3.06316462, -1.83358844],
       [-1.21853258,  0.82453056,  0.61454674],
       [ 4.71884562, -0.74247969, -1.3128734 ],
       [-1.84127426, -3.64631351, -0.24343415],
       [-2.86604137,  2.55527648,  0.52784822],
       [-2.60282691, -2.05534051, -2.17201698],
       [ 1.89085498,  0.53900006, -1.45471764]]), array([[ 0.01073687,  1.05573203,  2.22590026, -4.94784342,  2.0390134 ,
        -2.30121257,  0.69218759,  2.78791493, -4.17751767]])][array([[ 2.41313986, -0.91672316,  0.76764011],
       [-3.94816539, -1.14825556,  1.58068405],
       [ 1.30580504,  2.77532251, -1.83358844],
       [-1.21853258,  1.20852223,  0.43008088],
       [ 4.71884562, -1.13215653, -1.3128734 ],
       [-1.84127426, -3.64631351, -0.08717067],
       [-2.86604137,  2.55527648,  0.50685005],
       [-3.02905424, -2.0811961 , -1.95748484],
       [ 1.71234873,  0.96800886, -1.45471764]]), array([[ 0.34311292,  1.05573203,  2.22590026, -4.94784342,  2.0390134 ,
        -2.68668913,  0.69218759,  2.14698167, -4.17751767]])][array([[ 2.41313986, -1.29176589,  0.76764011],
       [-3.89369919, -0.79784058,  1.58068405],
       [ 0.76513875,  2.77532251, -1.83358844],
       [-1.64166234,  1.37670105,  0.61454674],
       [ 4.71884562, -1.03858314, -1.3128734 ],
       [-2.24803959, -3.64631351,  0.02564169],
       [-2.81709702,  2.55527648,  0.52784822],
       [-2.97212133, -2.0811961 , -2.17201698],
       [ 1.37245876,  0.96800886, -1.45471764]]), array([[ 0.01073687,  1.05573203,  2.22590026, -4.94784342,  2.0390134 ,
        -2.68668913,  1.32558971,  2.39430822, -4.17751767]])][array([[ 2.41313986, -1.89627385,  0.76764011],
       [-3.89369919, -1.14825556,  1.4311639 ],
       [ 1.30580504,  2.77532251, -1.83358844],
       [-1.21853258,  1.20852223,  0.61454674],
       [ 4.71884562, -1.13215653, -1.3128734 ],
       [-1.84127426, -3.64631351,  0.02564169],
       [-2.58508763,  2.55527648,  0.52784822],
       [-3.02905424, -1.63282322, -1.95748484],
       [ 1.37245876,  0.96800886, -1.45471764]]), array([[ 0.01073687,  1.05573203,  2.07852288, -4.94784342,  1.65731351,
        -2.68668913,  0.69218759,  2.39430822, -4.17751767]])][array([[ 2.41313986, -0.91672316,  0.86620205],
       [-4.14874922, -1.14825556,  1.57858044],
       [ 1.30580504,  2.77532251, -1.83358844],
       [-1.21853258,  1.20852223,  0.61454674],
       [ 4.71884562, -1.11019279, -1.3128734 ],
       [-2.24930109, -3.64631351,  0.02564169],
       [-2.66089694,  2.55527648,  0.52784822],
       [-3.02905424, -1.70053437, -1.95748484],
       [ 1.53618304,  0.96800886, -1.45471764]]), array([[ 0.44839902,  1.05573203,  2.76848006, -4.94784342,  2.0390134 ,
        -2.68839805,  0.88629772,  2.14698167, -4.17751767]])][array([[ 2.7697248 , -1.40655626,  0.76764011],
       [-3.72347459, -1.14825556,  1.58068405],
       [ 1.30580504,  2.69805117, -1.83358844],
       [-1.21853258,  1.20852223,  0.61454674],
       [ 4.71884562, -1.13215653, -1.3128734 ],
       [-1.45495044, -3.64631351,  0.02564169],
       [-3.15820132,  2.55527648,  0.52784822],
       [-2.97212133, -1.63282322, -2.17201698],
       [ 1.37245876,  0.96800886, -1.45471764]]), array([[ 0.30838853,  1.05573203,  2.22590026, -4.45789872,  2.0390134 ,
        -2.68668913,  0.69218759,  2.39430822, -3.85971048]])][array([[ 2.41313986, -0.91672316,  0.93525516],
       [-4.14874922, -1.14825556,  1.58068405],
       [ 1.05791149,  2.69805117, -1.57630902],
       [-1.53318942,  1.20852223,  0.61454674],
       [ 4.71884562, -1.13215653, -1.3128734 ],
       [-1.84127426, -4.10686144,  0.67576108],
       [-2.86604137,  2.55527648,  0.52784822],
       [-3.02905424, -1.70053437, -2.17201698],
       [ 1.53618304,  0.53900006, -1.45471764]]), array([[ 0.01073687,  1.05573203,  2.22590026, -4.94784342,  2.0390134 ,
        -2.30121257,  0.88629772,  2.39430822, -3.85971048]])][array([[-1.46099718,  1.29493821, -0.54954103],
       [ 2.10272854, -0.59229974, -0.74192602],
       [ 0.41482549,  0.18557632,  0.23679764],
       [-1.1393495 ,  0.01205595, -0.49827235],
       [ 0.44921755, -0.74947059, -0.35331081],
       [-0.64718654,  0.3460595 , -0.84793069],
       [ 0.64383821,  2.62643806,  0.57906889],
       [-1.77489675,  0.23156296, -0.46289566],
       [-0.85008727, -0.5101472 ,  0.3820494 ]]), array([[-0.83664734,  0.25474407,  0.46397166,  1.89905077,  2.21752595,
         1.30852294,  1.56481064, -0.60079895, -2.2059455 ]])][array([[-0.61533136,  0.31814482, -1.64279404],
       [-0.54557994, -1.69475366,  0.13105069],
       [ 0.84511694,  0.02494502, -0.05713728],
       [-1.2218209 ,  0.49073413, -1.73238342],
       [-0.4025204 ,  0.61204859, -0.51769   ],
       [ 0.05140177,  0.01175853,  0.34088393],
       [-0.1116512 ,  0.55385034,  2.16636722],
       [ 2.20809795, -0.3055165 , -2.19937241],
       [ 0.46053692,  0.04136772, -0.16487232]]), array([[-1.23078652,  0.90521488,  1.77424302,  0.26558639, -1.2876758 ,
        -0.13111484, -0.84043678, -1.55627887,  0.59774876]])][array([[ 1.49160439, -0.88131119, -1.09158379],
       [ 0.10610347,  1.70403863,  1.54359239],
       [-0.09316057, -0.47364763, -1.64706572],
       [-0.50178899, -1.00892399, -1.42919537],
       [-0.91243261, -1.37028514,  1.42499746],
       [ 0.79740141, -0.13148773, -2.23829747],
       [ 0.52564858, -0.65997189,  1.08609545],
       [ 0.52844736,  1.74626995,  0.55248231],
       [ 0.47482665,  2.29804077, -2.75487263]]), array([[ 1.09856939, -0.09211863, -0.22091529, -0.44158048,  0.23702684,
        -2.53389243,  0.95966087, -0.0710386 , -2.28604129]])][array([[-0.93105966, -0.63735006,  0.0686636 ],
       [ 0.64055183, -1.16614132, -1.9447604 ],
       [ 0.62224929,  0.30766981,  0.73449068],
       [-0.45066535,  1.02414213,  2.58663684],
       [ 2.6681633 , -0.29166581, -0.25985916],
       [ 0.13934157, -0.00560838, -1.08611089],
       [ 1.19345708, -2.26763202,  1.5437381 ],
       [ 0.71948528, -1.68831471,  0.69777081],
       [ 1.10262971, -1.87695161, -0.48616277]]), array([[-1.57492837, -0.21383974,  1.50693847,  0.27972655, -0.47788354,
        -0.85656702, -0.74732023, -0.05355943, -1.44432399]])][array([[-1.42762898, -0.657182  , -0.42607095],
       [-1.60909193, -0.69289637,  0.13819945],
       [ 2.16985117, -0.18372726, -0.3798556 ],
       [-0.58552784,  2.93476261,  0.59661902],
       [ 1.51016737,  1.59134367, -1.45867986],
       [ 0.14361779, -0.01062484,  1.37885206],
       [ 1.18023579, -0.20546688, -0.31926703],
       [ 2.3758349 , -0.17547528, -0.02867539],
       [ 0.90508321,  0.83366002,  0.26590285]]), array([[-0.8745035 , -0.37933533, -0.16501566,  0.41618815, -0.90406575,
         0.77889759,  1.51592004, -1.80516287,  1.11579061]])][array([[ 2.11781486, -0.39024777,  0.82566562],
       [ 1.78542687,  0.05145031,  1.53769332],
       [-0.53812237,  0.88858653, -1.90505522],
       [-0.49398979,  0.40862417,  0.10944545],
       [ 1.97071023,  0.24762186, -0.29370769],
       [-0.88391243,  0.66608926, -0.65535471],
       [-1.07818915, -0.48811385,  0.3423972 ],
       [ 0.29696839,  1.2057584 , -0.68236023],
       [-0.96044933,  0.52730866,  0.53439981]]), array([[ 1.46218169e+00, -2.33438289e+00,  6.83612847e-01,
         1.64129475e+00,  1.71609431e+00, -1.72222557e+00,
         4.80207485e-01, -6.79738971e-01,  9.23411317e-04]])][array([[-1.233534  , -0.3736581 , -0.62884018],
       [ 0.27152152,  0.36505818, -0.41241518],
       [-0.14011397, -1.60681522,  2.38711651],
       [ 0.87841407,  1.30343741,  0.39317911],
       [ 0.7639637 ,  1.41869562, -0.01280977],
       [ 0.18112577, -0.06151151, -1.58698431],
       [ 0.56919153,  0.6125349 , -0.37471217],
       [ 0.41999166,  0.47374274,  1.23632291],
       [-1.03348798,  1.17274636, -2.02612421]]), array([[ 2.00593384, -0.44274607, -0.16225568,  0.45662235,  0.14743348,
        -1.01728545, -0.90049027,  0.51934326,  1.2009403 ]])][array([[ 1.14179192, -1.11580735,  1.82532138],
       [-1.50743963, -0.63249675,  2.4129596 ],
       [-0.8272428 , -0.01927436, -0.03619878],
       [ 0.44078892, -0.66221093,  0.67979036],
       [ 1.07150067, -0.03983345,  0.9526027 ],
       [-0.29743505,  0.95143545,  0.49093135],
       [-0.39482396, -0.21280649, -0.52861427],
       [-0.9748257 , -0.55179616,  1.03856833],
       [-0.08043536, -2.59687783, -0.99301607]]), array([[ 0.3347669 ,  0.52353349,  1.60100136, -1.08046902,  0.8760862 ,
         0.74153514,  0.0632513 ,  1.18441086,  0.43147166]])][array([[ 0.25790632, -0.21879801,  0.95071797],
       [-2.20092929,  0.69624622,  2.11344759],
       [-0.20381726,  0.91572157,  0.03881944],
       [ 0.92102548,  0.71717774, -0.93992886],
       [ 0.40054575,  0.57723252, -2.66774259],
       [ 1.09550553, -0.53364894, -0.47580253],
       [ 1.14046073,  1.25818569,  0.08933515],
       [ 1.45818242, -0.42792298, -0.74787398],
       [-0.92326283, -0.7243952 ,  0.56169505]]), array([[-0.36033554, -0.56971816, -1.81763911,  0.70109778, -1.20144137,
         0.15987549, -0.42547122, -0.63076132, -0.33489001]])][array([[ 0.3925832 , -0.25483448, -2.298141  ],
       [-0.34760018,  0.89887808, -0.33590977],
       [ 1.01680881,  1.00509428, -1.32544128],
       [ 1.63564917,  1.95691516, -0.96003407],
       [-0.00422963,  0.10583888, -0.82390392],
       [-0.18316667,  1.3819117 , -2.57280906],
       [-0.33376697, -0.40425336,  0.47211473],
       [ 0.35118589,  0.04212257,  1.93600115],
       [ 1.96480942, -0.65787568,  0.12064148]]), array([[ 1.98057028,  0.62844723,  0.85204904, -0.47055223, -1.27100392,
         1.71026694, -2.14006488, -0.97388459,  1.3261722 ]])][array([[ 2.75268355e-02,  2.71629401e-02, -2.21485799e-01],
       [ 8.49766816e-01, -4.35067639e-02,  3.91576746e-01],
       [-9.83388023e-01,  9.41791806e-01,  8.22314541e-01],
       [-3.08850019e-01, -1.50058743e-01, -1.58826134e-03],
       [ 1.27854875e-01,  6.15958566e-01, -3.77912237e-01],
       [-4.74086924e-01, -2.98330473e-01, -8.47482279e-02],
       [-8.96084758e-01, -2.04590378e+00,  4.20871737e-02],
       [-1.81656882e+00, -4.44531082e-01, -3.10807439e-01],
       [-1.97198007e-01,  2.44831420e-01,  6.55894908e-01]]), array([[ 1.9551725 , -0.42671009, -1.41033184,  0.3447051 ,  0.03030135,
         0.50703627,  0.7127481 ,  0.07859175, -1.8571678 ]])][array([[ 1.43624356, -0.56848441,  0.87906129],
       [-2.1205166 ,  1.03611377,  1.42001808],
       [-0.04730595, -0.07335199, -0.09216243],
       [ 0.67743767, -1.14114581,  0.66230154],
       [ 0.97719996,  0.32737408,  1.49190428],
       [-0.61285406, -0.46571568, -0.5328409 ],
       [-0.78144041, -1.53288144, -1.10014502],
       [ 2.09602865,  0.13099082,  1.9121596 ],
       [ 0.91898904, -0.34383148, -0.10882697]]), array([[-1.20643829, -1.03418347,  0.50033921, -1.48340333, -0.24402059,
         0.97874026, -1.0030663 , -2.13238768, -0.32570011]])][array([[ 2.41313986, -1.29176589,  0.76764011],
       [-4.14874922, -1.14825556,  1.58068405],
       [ 0.76513875,  2.69805117, -1.83358844],
       [-1.21853258,  1.20852223,  1.05843083],
       [ 4.71884562, -1.13215653, -1.3128734 ],
       [-1.45495044, -3.64631351,  0.02564169],
       [-2.61888261,  2.55527648,  0.52784822],
       [-2.60282691, -1.63282322, -1.95748484],
       [ 1.53618304,  0.96800886, -1.45471764]]), array([[ 0.01073687,  1.35791403,  2.22590026, -4.94784342,  2.0390134 ,
        -2.68668913,  0.69218759,  2.39430822, -4.17751767]])][array([[ 2.41313986, -1.89627385,  0.76764011],
       [-4.14874922, -1.14825556,  1.73373874],
       [ 1.24549955,  2.69805117, -1.51834147],
       [-1.21853258,  0.84145766,  0.61454674],
       [ 4.71884562, -1.13215653, -1.3128734 ],
       [-1.84127426, -3.64631351,  0.02564169],
       [-2.66089694,  2.55527648,  0.52784822],
       [-2.99729102, -2.0811961 , -2.17201698],
       [ 2.09704636,  0.96800886, -1.11368509]]), array([[-0.32408051,  1.03444423,  2.22590026, -4.94784342,  2.0390134 ,
        -2.30121257,  0.69218759,  2.78791493, -4.17751767]])][array([[ 2.41313986, -1.29176589,  0.76764011],
       [-4.14874922, -1.14825556,  1.73373874],
       [ 1.30580504,  2.69805117, -1.83358844],
       [-1.21853258,  1.30837997,  1.10828187],
       [ 4.71884562, -1.13215653, -1.3128734 ],
       [-1.84127426, -3.64631351,  0.39045923],
       [-2.86604137,  2.55527648,  1.15259927],
       [-3.02905424, -2.05534051, -3.22988854],
       [ 1.53618304,  0.53900006, -1.45471764]]), array([[ 0.01073687,  1.16832622,  2.22590026, -4.94784342,  2.0390134 ,
        -2.19027075,  0.69218759,  2.78791493, -3.85971048]])][array([[ 2.41313986, -0.91672316,  0.86620205],
       [-4.3869685 , -1.14825556,  1.58068405],
       [ 1.30580504,  2.81644852, -1.83358844],
       [-1.21853258,  1.20852223,  0.61454674],
       [ 5.1558373 , -1.11019279, -1.3128734 ],
       [-1.84127426, -3.64631351,  0.60598483],
       [-2.66089694,  2.55527648,  0.52784822],
       [-2.21523325, -1.70053437, -2.17201698],
       [ 1.73443984,  0.96800886, -0.99757371]]), array([[ 0.01073687,  1.05573203,  2.22590026, -4.94784342,  2.0390134 ,
        -2.68839805,  0.88629772,  2.48214426, -4.17751767]])]